2.45656
2.45656
2.45656
2.45656
2.45656
2.45656
2.45656
2.45656
2.45656
2.45656
2.45656
2.45656
2.45656
2.45656
2.45656
2.45656
2.45656
2.45656
2.45656
2.45656
2.45656
2.45656
2.45656
2.45656
2.45656
2.45656
2.45656
2.45656
2.45656
2.45656
2.45656
2.45656
2.45656
2.45656
2.45656
2.45656
2.45656
2.45656
2.45656
2.45656
2.45656
2.45656
2.45656
2.45656
2.45656
2.45656
2.45656
2.45656
2.45656
2.45656
2.45656
2.45656
2.45656
2.45656
2.45656
2.45656
2.45656
2.45656
2.45656
2.45656
2.45656
2.45656
2.45656
2.45656
2.45656
2.45656
2.45656
2.45656
2.45656
2.45656
2.45656
2.45656
2.45656
2.45656
2.45656
2.45656
2.45656
2.45656
1.21701
1.21701
1.21701
1.21701
1.21701
1.21701
1.21701
1.21701
1.21701
1.21701
1.21701
1.21701
1.21701
1.21701
1.21701
1.21701
1.21701
1.21701
1.21701
1.21701
1.21701
1.21701
1.21701
1.21701
1.21701
1.21701
1.21701
1.21701
1.21701
1.21701
1.21701
1.21701
1.21701
1.21701
1.21701
1.21701
1.21701
1.21701
1.21701
1.21701
1.21701
1.21701
1.21701
1.21701
1.21701
1.21701
1.21701
1.21701
1.21701
1.21701
1.21701
1.21701
1.21701
1.21701
1.21701
1.21701
1.21701
1.21701
1.21701
1.21701
1.21701
1.21701
1.21701
1.21701
1.21701
1.21701
1.21701
1.21701
1.21701
1.21701
1.21701
1.21701
1.21701
1.21701
1.21701
1.21701
1.21701
3.109348
1.279696
